1002905
1002949
10039043
10041412
10045088
1004799
10052766
10079966
10134290
10169642
10188324
10215300
10217677
10230119
10257398
10274110
10283822
10304904
10310295
10335893
10341346
10342669
10343133
10348523
10370270
10372701
10382282
10389341
1038966
1039470
10414866
1043744
10448088
10469906
10483343
10487531
10526618
10531988
10541125
10547005
10593475
10646902
10670510
10670964
10676733
10677084
1068114
10707421
10710947
10737341
10763895
10776716
10794012
10845809
10851059
10862458
10875478
10878642
10886417
10890505
10916257
10932992
11029576
11038737
11041011
11044541
11051347
11053593
11065718
11095658
11096700
1110197
11106169
11155495
11162054
11182682
11189817
11191626
11196160
11204695
11214533
11282918
11354281
11405255
11433125
11469139
11512299
11527169
11533220
11550050
11588559
11597273
11608538
1161256
11631893
11631952
11645505
11671213
1167159
11672614
11715770
11726264
11729654
11732000
11733268
117392
11740156
11779840
11786025
11825157
11836170
11854649
11912477
11916793
11922762
11935210
11950256
1195732
11965549
12000011
12001806
12002125
12012839
12025683
12045303
1205461
12058234
12065010
12104375
12114102
12128015
12133766
12144784
12168416
1219005
12218279
12221535
12222769
1223663
1223717
12247981
12288984
12291481
12296979
12297137
12299410
12309410
12322512
1233041
12333575
12356318
1237218
12406742
12418461
12431657
12457968
12469866
12497306
1254058
12548438
12568204
12571649
12597839
12604032
12621175
12627436
12676150
12680585
12709542
12729790
12739271
12763525
12770340
12784290
1282367
12826627
12854720
12855891
12867339
12874917
12878139
12913679
12950059
12955520
12977905
12992987
13004163
1302188
13037757
13062473
13105070
13119759
13158387
13158532
1316699
13178870
13231025
13262783
13273019
13276343
13283255
1330938
13331995
13375772
13388077
13405790
13419684
13424916
13430767
13466555
13491338
1351291
1351790
1353215
1354149
13557901
13564806
13643303
13650660
13653862
13658980
13699100
1371005
13716404
13730510
13747828
13768631
13792401
13821431
13844041
13845591
13865208
13878007
13891859
13895602
1391273
13962616
13978235
1398036
13984015
1400254
14022000
1403717
14038973
14043370
14046240
14051986
14065930
14072996
14090723
14117382
14118184
14144394
14160544
14228060
14259821
14261624
1426287
14264532
14268731
14278528
14279790
14282653
14293574
14302821
14307687
14307824
14325695
14377110
14391759
14405040
14428056
14482848
14505368
14529983
14554846
14634143
14640327
14661043
14677735
1468959
14737685
14754224
14763341
14798573
14802067
14841845
14872091
14875590
1488190
14902995
14903328
1492775
14930363
14950057
14954750
14973787
14990250
15020250
150352
15054169
15084358
15086690
15095199
15106805
15119657
15145649
15156006
15163214
15181605
15183747
15188224
15205505
15218097
15246599
15329102
15354841
15373891
15441734
15441885
15443208
15446302
15461225
15466840
15475471
15541329
15553814
15580105
15585883
15609756
1562229
15624353
15631969
1565598
15666590
15680000
1575230
15757150
15805131
15820950
15856238
15875438
15893416
15895744
15920166
15928504
1594304
15944901
15960406
15988615
16019127
16039477
16044726
16074904
16085274
16132816
16174749
16178723
16189019
16233861
16261395
16279869
16294234
16309426
16321541
16350401
16360252
1637003
16382958
16392522
16398640
16434277
16452118
16488942
16491193
16496596
16522202
16533412
16547526
16554241
16566295
16574294
16591693
16621462
16624649
16628082
16643221
16662274
16667204
16730474
16758052
16769346
16791470
16793654
16812182
16832919
16858537
16864700
1687235
16899795
16906580
16915985
16918697
16927015
16950453
16958011
16970584
16972622
17006641
17007546
17014721
17019195
17053356
17054556
17058071
1705992
17065412
17081266
17095139
17118232
17145098
17146544
17151301
17158139
17207748
17215012
17221590
17229579
17236025
17247879
17265554
17277027
17289275
17301225
17312649
17314882
17363221
17395372
17398571
17419774
17421251
17463260
1751948
17560256
17561970
17573004
17576257
17596376
17609218
17627161
17662308
17721293
17732531
17747075
17783732
17792364
17888526
1790313
17931599
17937796
17946046
17967945
17983737
18069002
18101557
18130505
18134038
18141811
18163033
18165654
18185320
18190922
18196800
18200867
182040
18220833
18251034
18253943
18293867
18297717
18322536
18362009
18396720
18398270
18398666
18431935
18435016
18485163
18493583
18493963
18521717
18538216
18550553
18558171
18588721
18646935
18705981
18766895
18768304
18769581
18785062
18792703
18822653
18906588
1891974
18927897
18950734
18968611
18969674
18976152
18982170
18985672
18988642
19010361
1902865
19052392
19053940
19056079
19089182
19093381
19169768
19189851
19201310
19216936
19256111
1925993
19282139
19282700
19303543
19311562
19347043
1935985
19365195
19384565
19385411
19395369
19408921
19520191
19525413
19573512
19574999
19589864
19597843
19603247
19610536
19669063
19671405
19715458
19716413
19748127
19759182
19773111
19802738
19825007
19827549
19844106
19847370
19892920
19937050
19961344
19971390
1998252
20024555
2004299
20043288
20066979
20072928
20081041
2009701
20108529
2011278
20138410
20170009
20171651
20225093
20228103
20249443
20252410
20306707
20328038
20330363
20345248
20363323
20369777
20384682
20393970
20405762
20416414
20425555
20432844
20433756
20438410
2048149
20498885
2049920
20515619
20521198
20534810
20546431
20553977
20592159
20602322
2061130
20638227
20669663
20704791
20706967
20708119
20714796
20718273
20720211
20732085
20740800
20761579
20761621
20772462
20798748
20862875
20893379
20906832
20926051
20986555
20991525
21029640
21065655
21067013
21098589
21128983
21138463
21160364
21163844
21178132
21188971
21196879
21222851
21233538
21234787
21260005
21273218
21285898
21292512
21294210
21308109
21379751
21393259
21401102
21410462
21415040
21419720
21428153
21453288
21459253
21465106
21471019
21475006
21561930
21582807
21603413
21626890
21646984
2165187
21658146
21663765
21678601
21724357
21731577
21739186
21750400
21772246
21806171
21811875
21824073
21826488
21868494
21893548
21898391
21916428
21920522
21945728
21965781
21996374
22003677
2201708
22094841
22105410
22119960
22123339
22136112
22143625
2215456
22160677
22176014
22188561
22207208
22252794
22264555
22266556
22330000
2233397
22345163
22354586
22406592
22408922
22423259
22458245
22467332
22470960
22551662
22563737
22580646
22586280
22592500
22613060
22652001
22652427
22652683
22654924
22674506
2269570
22737880
2278229
22830522
22838861
22852631
22854172
22856552
22885071
22922909
22935404
229642
22965827
22992100
23001464
23020843
23053329
23060877
23069919
23070830
23091185
23099086
23137623
23167163
23176288
23198217
23200497
23216129
23238196
23259974
23276265
23318107
23325092
23346373
23380430
23427990
23459103
23461494
23494731
23547183
23585287
23695407
23711047
23754138
23809481
23815771
23882928
23887418
23919476
23924902
23928184
23931820
23934420
23957595
23965146
2397422
2397881
2398741
24005493
24009680
24016867
24036097
24041731
24052393
2406389
24095765
24096206
24096606
24107414
24112920
24116297
24123718
24127974
24163050
24184096
24189265
24202956
24211377
24213452
24233758
24296756
24334161
24392816
24400099
24413694
24417547
24444165
24463899
24500105
24523760
2452401
24524058
24670026
24708907
24711530
24725117
24743205
24759493
24772956
24799477
24800026
24800354
24801231
24826285
24875301
24895541
24895619
24896240
24909340
24916521
24929231
24934054
24941353
24981841
24988686
25010790
25015124
25020407
25048078
25051201
25063776
25068894
25116397
25124454
25138962
25162347
25188953
25190847
25195268
25202687
25211664
25244490
25252624
25276494
2528058
25292029
2529295
25295084
25401276
25431065
25457746
25491611
25508551
25511269
25544784
25553077
25568591
25577635
25590472
25596483
25600535
25629448
25669433
25675010
25675329
25686123
25699142
25703635
25705082
25709527
25709899
25720680
2576182
25803782
25825927
25843723
25855532
25914101
25927365
25960079
26007626
26017917
26018884
26028666
26030980
2603383
26046543
26055345
26077919
26099557
26101627
26121074
26124852
26126832
26149639
26156904
2616162
26201877
26230251
26282798
26287823
26291388
26305879
26308892
26327516
26328804
26328983
26362584
26389763
26395486
2639826
26409323
26423779
26458961
26462850
2647453
26479648
26502635
26539923
26560660
26563946
26606375
26612799
2661603
2661851
26622906
26646615
26676414
26683749
26687617
26710485
26717736
26731155
26750457
26766784
26771163
2677350
26860697
26864672
26881084
26882160
26931091
26952165
2695992
26961415
26980756
2698413
27008625
27057149
27100686
27103111
2712703
27139191
27150278
27150406
27155808
27189800
2722068
27229351
272415
27249247
27261825
27270178
27273918
27279344
27289930
27309575
27331714
27348711
27357789
27375475
2741329
27423134
27443494
27484121
27506312
27528877
27547531
27565595
27585938
27599349
27599431
27678312
27698813
2770833
27743922
27793925
27839013
27850692
27874381
27888480
27890131
27898123
27912274
27939307
27944769
27967316
27967651
28010210
28014436
28033949
28036274
28038428
28049596
28076540
28102504
28118440
28164915
28167356
28234874
28264585
28277421
28286048
28337235
2833953
28356901
28370404
28375142
28398677
2840730
28417758
28422340
28451770
28451947
28461258
28467850
28484649
2848839
2849290
28504378
28541857
28549739
28552139
28557475
28586361
28597024
28609549
28625670
28643548
2864571
28649117
28697276
28768794
28784441
28785875
28817832
28832903
28835279
28881806
28890453
28901927
28912740
28942989
28989300
28992547
29038389
29065695
2907007
29083783
29094798
29111198
29137518
29155868
29158494
29187071
29200321
29207594
29289415
2929050
29299763
29302303
29305544
29316013
29329023
29348137
29349146
29371644
29410518
29412980
2945708
29504570
29513752
29540878
29565300
29575801
29582878
2959223
29600573
29602213
29606296
29613749
29615851
29619504
29633041
29634315
29683934
29689171
29706001
29731667
29750577
29775715
29802264
29836536
29836689
29869336
29872775
29873732
29908972
29923479
2993865
29956586
29960109
29967720
30003855
30059693
30146262
30173793
30198110
30219552
30229550
302490
30270380
30285925
30287541
3028912
30289870
30315925
3035070
30361667
3039197
30414773
30428897
30443538
30448770
30470261
30490583
30491889
30525764
3053340
30544230
30548235
30595444
30601370
30622296
30640956
30672454
30689797
30703527
30716903
30810566
3082335
30826463
30837969
3084291
30880142
30886728
30894742
30971996
30986922
30996113
31005363
31037179
31091539
31119281
31150423
31150866
31155868
31157725
31162782
3116360
3118443
31223503
31250109
31260907
31285393
31295947
31297011
3131410
31316235
31331652
31354165
31356306
31392102
314388
31466975
314673
31468916
31484099
31510938
31515925
31516933
31520489
31534312
31539626
31554730
31608544
31664985
31689919
31714709
31752950
31776267
3178132
31839129
31845272
31858101
31873167
31902846
31907684
31915608
31960149
3199086
31991854
31992589
31996251
32012742
32023531
32042862
32050350
32054609
32077794
32146368
3215635
32162296
32186933
32188021
32216864
3230894
32329921
32339201
3234231
32342737
32394546
32424215
32432671
32447023
32479119
32505335
32514196
32522545
32524896
32541084
32557238
32588213
32601005
32606619
32660199
3269756
32704983
32709
3272990
32740935
32772031
32772628
32773993
32776200
32795906
32804766
32806391
32808668
32820486
32840316
328417
32850131
32871319
3287768
32890548
32927024
32937190
32955926
32973559
32981904
32995234
32999059
3300049
33004635
33037103
33048543
33060079
33091425
33111609
33115618
33137465
33143481
331454
3316825
33194526
3320235
33217426
33245027
33279513
33301841
33321477
33324814
33328621
33338716
33344007
3337506
33413580
33478146
33496448
3351165
33515960
33544562
3355641
33572542
33589141
3362348
33644161
33661404
33700718
33707491
33736881
33745483
33747297
33748676
33769925
33773407
33797348
33802447
33815539
33884975
33906877
33911731
33933421
33959256
33964833
33977724
33985890
34050975
34083595
34109488
34118503
34136715
34150755
34159095
3420249
34222992
34228913
34249687
34280365
34296028
34350323
34398776
34400159
34407463
34450568
34453301
34471823
34490650
34531595
34536341
34588145
34595396
3459706
34597690
34618447
34630706
34657559
34680804
34681333
34760420
34784823
34796553
34803199
34821692
34826440
34826758
34837965
3484156
34863814
34872518
34876775
34892619
3491298
34949058
34996455
35032149
35041298
35046026
3506206
35088984
35090588
35096939
3509999
35110091
35125239
35128687
35134532
35136610
35145967
35183278
35200755
352470
35325214
35325797
35326660
35386197
35416423
3549484
35500629
35507151
35546503
35546576
3558419
35592576
35601769
3560434
35607652
35610658
35649313
35654098
35668088
35705324
35711195
35719348
3574598
35773837
35777296
35778800
35802135
35823676
35830839
35844628
35845601
35849599
35852354
35854883
35864960
35880431
35887461
35901084
35929991
35943044
35950500
35954710
35984533
35985380
36018004
36018781
36021696
36036704
36110791
36129866
36131012
36253909
36286686
36377003
36385852
3640312
36417059
36428112
36474393
36475208
36492514
3649496
36577451
36635826
36643186
36653515
36665278
36674342
36692128
36723144
36724739
36755347
36773631
36775962
36778532
36801890
36802986
36845836
36869395
36910989
36929891
36946682
36950948
37005289
37032527
37049164
37133680
37135207
37143790
37143842
37158083
37176202
37188403
37197358
37205753
37218874
37222077
3724256
37282949
37284794
37290946
37296212
37318936
3735142
37365967
37366622
3737915
37391909
37441109
37457638
37470248
3752925
37534984
3755863
37594887
37635081
37660317
37663789
37721180
37736585
37760509
37774055
37777531
37796901
37821265
37824823
37827551
37838738
3793608
37954472
37967754
37972091
3801629
38025938
38035070
38062758
38064398
38133960
38149335
38170635
38174523
38176763
38179802
38187365
38211786
38229684
38237620
3824158
38253937
38295773
3830574
383092
38359768
38405927
38415580
38436050
38441530
3844634
38457865
38469096
38511234
38523854
38534933
38554355
38560955
38564307
38616717
38632776
38642130
38642190
38654023
38657024
38662564
38677858
38711823
38717855
3876514
38774895
3878350
38799539
38846376
38851371
38859208
38864735
38865225
38867102
38875438
38878955
38880823
38883109
38946474
38971153
39060641
39062591
3907773
39085003
39089391
39094063
39094178
39098661
39142589
3914457
39155914
39158451
3915995
39159974
39162949
39191805
39199798
39214514
39217430
39228099
39242944
39243131
39249102
3929449
39299622
39363174
39366090
39370587
39389941
39397960
39419890
394213
39434816
39434956
3943696
39445096
39459858
39470380
39471983
39472853
39545857
39547542
39567735
39592573
39627844
39648540
39683014
39687209
39708337
39716222
39728150
39746446
3976290
39773631
3979459
39806086
39808057
39820704
3982707
39839362
39852581
39888624
39907618
3992050
39955844
39985355
39996072
40024727
4003012
40058134
40064195
40064313
40073173
40081512
40111566
40131168
40140093
40154823
40171335
40194379
40196112
4024978
40249985
40276181
40280830
40290771
40330459
40357929
40401887
40407494
40408586
40411640
40420200
40445483
40470168
40483685
40484654
40522663
40537285
40549729
40554040
4055409
40565308
4056881
40580905
40590850
40601666
40658825
40685700
40695984
40716503
40717018
40733120
40752966
40781428
40823683
40835746
40857637
40881230
40891627
40904178
40911029
40939489
40969075
40990630
41045752
41067045
4110796
4115137
41180744
41210568
41239823
41262181
41268652
41282427
41288395
4130134
41352019
41354703
41361516
41375525
41380418
41406498
41426920
41427022
41430437
41441425
4145931
41477775
41486311
41501534
41556944
41571572
4157320
41593875
41605283
41634951
41650118
41666447
41735143
41743960
41767454
41770231
4177507
41782535
41904937
41915551
41928998
41930571
41938605
41952940
4196324
4210896
42115185
42119469
42180000
42197433
42200185
42201407
42210600
42234022
42242516
42289121
42290289
42304174
42305130
42311025
42329032
4235791
42362957
42368785
42375644
42389358
42452477
42509040
4255500
42568778
42576870
42598066
42622679
42638510
42653095
42654490
42661638
42667687
4270030
42705785
42713836
42725279
42759630
42760159
42786367
42786940
42792284
42792409
4279338
42800669
42830105
42832227
42836753
42947575
42949177
42949180
42974360
42996
43016570
43097341
43105099
43126465
43138512
43159113
43165485
43165515
43182115
432082
43218774
4323663
43243571
43246545
43253207
43261113
43401457
43403581
43435374
43440026
43448773
43462553
43469577
43473350
43520375
43526018
43547791
43602199
43605039
43635721
43654641
43655274
43665807
43674947
43675255
43700226
43729149
43729926
43749508
43753885
43760188
43810948
43826547
43839355
43847137
43863376
43889300
43904540
43916669
4395966
43997321
4403881
44069295
44079742
44082924
44097588
44137056
4414349
44145434
44166036
44171449
44178933
44225006
44237052
4424945
44250472
4425933
44275886
44278093
44285396
44318030
44352099
44396295
44407894
4440837
44453203
4445695
44457277
44475416
44476901
44500601
44513039
44559420
44575478
44621471
44643775
44644779
44654097
44707850
44711102
44713706
44736826
44738022
44753520
44803420
44804341
44899579
44915979
44948797
44952053
44956749
44961981
44963868
44978753
45051238
45065195
45091236
45103018
45106462
45113100
45118712
45125820
45144089
45144257
45155450
45164814
45174336
45188425
45202345
45219102
45238244
45256551
45268257
45315631
45323968
45351037
45366367
45369667
45375022
4538563
45403724
45419019
45434090
45466763
45482930
45495315
45568606
45584316
45631196
45645366
45677914
45691696
4570480
45747047
45759444
45774686
45794123
45860174
45880609
45896387
45922317
45931607
45937042
45937933
45971473
45982683
45999718
46001775
4600483
46018571
46019563
46056542
46061936
4608512
46094323
46109558
46132177
4614919
46196470
46203998
46212966
46243043
46254475
4625529
46278474
46292399
46309335
46322206
46346006
46352322
46353951
46397411
46400923
46409216
46410866
46413177
46432811
46452573
46461018
46471781
46502225
46507609
46571437
46657434
46658090
46666492
46674650
46678249
4669107
46699242
46716969
46762183
46772894
46791494
46798691
46807083
46812845
46871135
4687590
46884716
468930
46895361
46932957
46942578
46987410
46990081
4705191
47059631
47071919
47074622
47135242
47184713
47207855
47213932
47235601
47294535
4736520
47377131
47380591
47396419
4741451
47417864
47421937
47448622
47455471
4745754
47498449
47510671
47525295
47565139
47605654
47606098
47618327
47624620
47639242
47669292
47705073
4773357
47735077
47756385
47756724
47810704
47813783
47835276
47838231
47844631
47853609
47878972
47890360
47897674
4791504
47928691
47967618
47991027
48053293
48055400
48065242
48065787
48067555
48088995
48090227
48120972
48136611
48144568
48159814
48166544
48168230
48184845
48195080
48222435
48230535
48236761
48256320
48274099
48286889
48289494
48315480
4832051
48326928
48338050
48351608
48373800
48390168
48415285
48478111
48510661
48517055
48526275
48543772
48564267
48576654
48581197
48582124
48626964
48655496
48655532
48666243
48694335
4873162
48736497
48749618
48771593
48779559
48820200
48835723
48848798
4884979
48850105
48870102
48917520
48918467
4893225
48935215
48941590
4897437
48984882
48998615
49007912
49013035
49025913
49047750
49048634
49138781
49156732
49173053
49181263
49197612
49235487
49247736
49262113
49279953
49344772
4935682
4937080
49375703
49416025
49421140
4943979
49457904
49478248
49484164
49505204
49507261
49517170
49532047
49565735
49570549
49574830
49578686
4958079
49591540
49627579
49637277
49640991
49679051
49745094
49751601
49776999
49792090
49801658
49802404
49835875
49867221
49870900
49950291
49972661
49981663
49984739
50002079
5002758
50044406
50077522
50131915
50161519
5017807
50221952
50224678
50272584
50273758
50278608
50305962
5032690
50332
50338528
50358547
50370224
50394039
50395685
5042158
50432129
50446066
5046013
50493265
50533181
50540052
50572858
50593567
50599082
5061897
50621694
50622045
50644197
50668954
50718819
50724923
50725385
50729997
50757724
50761013
50791577
50796811
50797503
5081393
50855091
50883254
50926873
50957113
51017809
51050289
5108851
51119228
5113191
51148585
51167958
51168774
5119127
5119545
51199605
51204041
51249158
51256649
51343045
51349351
51359369
51375790
51383685
51428492
51429964
514716
51477923
51487575
5154841
51553600
51586043
51590487
51626155
51626519
5163142
51648032
51683722
51696838
51718243
51726298
51748616
51781168
51790385
51802402
51842611
51848687
51912856
519364
51942541
51988689
52005035
52020201
5204035
52052453
52069832
52079116
52098978
52120373
52126104
52136940
52146528
52154180
52197707
52206700
52230675
52236278
52256229
52284031
52319648
52320976
523842
52414449
52428174
52448417
52455717
52458121
52461946
52470195
524755
52481878
52483990
52500146
52520969
52538717
52546259
52559258
52576121
5259296
52599618
52603358
52604625
52614512
52615073
52618110
52638104
52656347
52716586
52716779
52731557
5273213
52762795
52802394
52817675
52861741
52874579
52879022
52904290
52910547
52920480
52927010
52935208
52979997
53032377
53047433
53090034
53103852
53110783
53159487
53171989
53199509
53220949
53264453
53265707
53269061
53273654
53275
53280271
53287807
53295756
53296679
53304428
53311591
5333491
53361478
53362442
53402400
53408669
5343207
53434270
53442979
53455937
53457781
53482063
53493921
53500977
5350944
53510519
53525540
53529606
53539001
53551640
53573223
53599214
53603788
53634108
5365386
5366288
53676696
53710950
53715970
53719870
53755028
53775626
5379853
53800699
53814437
53832378
53867612
53902075
53919499
53923235
53950543
53964131
53965543
53978722
53989782
54036346
54041406
54041782
54053089
54093167
5409542
54098867
54122142
54137984
54158892
54165303
54170838
54229233
54233175
5423757
54244452
54257976
54287424
54307231
5431972
54322867
54331114
54333992
54337613
54345029
54350164
54359518
54369414
54393381
54402902
54411908
54419538
54427084
54440389
54457284
5447615
54498000
54506033
54534879
5458601
54627961
54652173
54671844
54715518
54722894
54733240
54743703
54750729
54789646
54806309
54815708
54820547
54821575
54845140
54845289
54912175
54929912
54939421
54978824
54986891
55019701
55028975
55047214
5507705
55081777
55088186
5510314
55109653
55139166
55151425
55152641
55153036
55185396
5519084
55203120
55221252
55221831
55235567
55248054
55257440
55289316
553163
55370719
55386028
55396236
55438250
55449036
55452194
554687
55472810
55474214
55485235
55504515
55511465
55543187
55559029
55576163
55616275
55630066
55664384
55667131
55687058
55688062
5571228
55785138
55856566
55884268
55905780
55911625
55930661
55962222
56008005
56023364
5605087
56059413
56080830
560945
56094778
56097678
56098008
56100774
56114747
56135540
56158981
56163661
56220933
56237441
56252467
56254916
56258080
56261373
56318397
56324792
56329349
563847
56397924
56400709
56424911
5643663
564394
56462165
56479007
5649784
56516657
56566412
56570986
56573537
56583656
56592219
56604461
5666568
5668187
56682197
56699044
56734962
56805948
56808939
56809434
56829714
56836661
56899355
56910388
5696365
56967063
56967543
56969499
56979539
56987859
57017328
57054200
57111496
57162953
57170916
57184681
57200442
57217937
57227360
57293263
57306656
5731328
57344421
57381216
57381350
57421801
57433047
5743657
57446474
57452985
57502532
57534311
57549468
57639311
57679850
57679859
57702777
57728441
57773601
57848016
57855778
57869102
57874504
57879849
57903963
57916312
57924316
57947884
57955722
57965849
57975171
57987805
57989500
58045734
58061207
58063672
58063720
58111673
5812773
58130405
58155675
5816703
58207003
58256444
58257117
58263885
58292642
5829662
5832342
58330869
58331540
58342708
58353675
58357740
58375128
58420873
58430000
58430634
5844446
58468191
58496059
58510105
58515614
58524105
58555077
58561776
58572599
58606698
58611691
58619413
58625188
58628425
58636361
58640713
58659528
58716312
58728390
5878346
58783487
58787723
58791356
5883609
58848303
58849902
58854437
58919790
58927113
58954279
58966115
58971541
5903175
5907820
59100574
59138742
5914131
59145097
59166417
59176962
59177479
59201668
59248745
59272923
59276429
59286074
59296381
59305608
59307453
5930853
59353624
59355052
59385627
59393918
59400156
59415839
59418208
59458483
59487732
59532298
59532383
59533601
59533830
5958922
59612270
59617897
59618311
59673947
59685947
59690067
59702430
59721377
59722600
59726806
59733182
59760993
59794392
59839606
5985617
59866813
5986801
5987299
59885814
59948697
59957106
59973350
59977898
59992150
59993095
59999687
60044693
60046564
60050166
6007080
60074369
6007646
60078315
60085932
60135658
60144690
60154555
60157377
60175522
6018672
60193871
60217947
60228882
6024185
60246333
60256249
60296862
60320594
60352834
60357950
60407370
60432982
60450017
60454672
60474208
60475860
60500877
60512602
60514163
60514921
60525420
60572551
60595251
60595805
60597065
60650254
60676940
60714178
60764386
6078450
60815431
6082663
60835262
60839321
60843460
60845837
60855627
60893157
60909938
60929665
60940461
60948582
60951604
60959918
6096093
61008639
61025632
61029872
61052482
61063300
61143614
61248699
61256348
61270261
61274342
61309106
61326413
61363941
61367037
61372229
61375842
61388359
61434998
61483089
61490163
61515994
61519579
61530433
61533255
61548197
61564915
61570859
6157842
61597097
61598521
61615269
61616706
61644276
61684908
61690973
61738124
61761569
61809286
6185312
61857163
61871201
61893540
61910542
6191444
61938933
61981352
61990483
61994572
62051911
6205453
62059807
62063997
62091665
62184619
62208619
622134
62215619
62222209
62252338
6225436
62254886
62284630
62341774
62342654
6235639
62358375
62358614
62381565
62390992
62411159
62413716
62431501
62433559
62434413
6243672
62449754
62463885
62473195
62478339
62479361
62481783
6252350
62535499
62551489
62596398
62610458
62647249
6265827
62671323
62723518
62801663
62803459
6287206
62872138
62874713
62886357
62922306
62925713
62936946
62942379
62948679
6294904
62967042
62969323
62976840
6297852
62981313
62984549
62986897
63028530
63050763
63058639
63092520
63098255
63127919
63132617
63161251
63168745
63174925
63245285
63281938
63291212
63321183
63335956
63413864
63414602
63421547
63436008
63450885
63463607
63474827
63527477
63532979
63535245
63551579
63555271
63572053
63581111
63595028
63616010
63636489
63682411
63742358
63769317
63774243
6379869
63906332
63918818
63946296
64001461
64012627
64037981
64092459
64132206
6414044
64160848
64182160
64210302
64235961
64254767
6427533
64319531
643216
64329377
64336535
64339710
64364736
64375397
64387784
64405285
6442563
64451118
64452475
64457342
64465978
64468186
64483811
64494966
64498443
64533624
64566252
64573985
64584065
64617597
64627224
64641726
64642998
64681068
64687855
64729113
647309
64733349
64754915
64765469
64786313
64789033
64829635
64873841
64881028
64883651
64886231
64923459
64960545
64968956
64969319
64973062
65043620
65064911
650733
65073316
65101272
65103446
65108840
65119275
65159568
65191911
65203650
65221780
65231012
65240573
65267157
65283343
65302007
65318575
65323290
6534888
65410676
65411825
65418255
65457527
65466280
65473615
65514153
65542173
65549273
65571693
6557628
65598643
65599226
65599707
65602471
65607766
65664001
65667843
65688634
65694831
65718794
65723052
657354
65740552
65744643
65797513
65803105
65824714
65831234
6585570
65870399
65877743
65887423
65887802
65889410
65991771
66004278
66013296
66034390
66133467
66146846
661482
66173029
66176318
66208645
66219051
66222385
66271760
66310554
66324962
66325102
66333150
66374506
66450515
66450781
66526010
66535007
66541997
66544545
66549469
66549828
66573787
66576863
66644674
6666250
66666356
66680569
6668906
66701125
66725261
66778467
66780246
66802106
66852873
66871125
66892044
66898411
66924764
66927437
66948162
66949246
66957949
66961897
66971593
66990352
66991811
67048424
67049585
67071663
67109215
67119988
67124484
6713392
67157802
67174515
67193498
67205652
67237720
6723810
67249695
67250158
67268070
67274242
67277291
67309088
6731745
67323682
6735004
67393919
67440201
67482914
67483476
67491738
6752389
67559263
67569819
67571019
67622393
67622804
67633754
6763614
67641622
67661744
67684726
67689396
67745927
67768570
67780521
67784539
67791062
67802457
67824327
67854774
67876667
67918920
67935065
67939740
67961894
67964008
67990350
67992502
68027180
68050176
68057822
68062085
68094875
6810446
68106869
68135019
68167776
68176149
6819448
68199559
68226591
68228837
68234748
68246402
68258496
68286876
68287669
68294091
68356412
68367759
68371007
68372387
68390429
68461433
68500137
68500860
68508524
68513544
68554421
68557624
68565558
68572087
68573620
68574572
68592662
68595849
68596665
68602948
68604863
68610054
68650653
68666999
68716299
68769982
68785090
68787486
68805241
68816179
68833339
68842452
68859955
68863909
68874269
68877499
68898615
68901108
68934566
68962965
68965026
69002120
69004051
6903404
69042694
69050204
6905081
69148026
69152954
69191059
69196101
69197021
69205398
69208481
6924417
69244396
69247959
69261660
69303410
69310131
69318995
69324473
69353976
69365159
69368037
69381408
6941127
69420104
69427782
69460618
69462597
69469244
69475607
69479155
69494529
69497403
69503023
69511964
69526591
69545111
69590910
69595785
69596362
69598688
69647904
69663845
69664898
69666367
69670339
697331
6974194
69762408
69765233
69765496
69769509
69783991
69822863
69861997
69885817
69912887
69924073
69937696
69953856
69986770
69998392
70011701
70016986
70024709
70038662
70064885
70108124
70126236
70137442
70185857
70190738
70191158
70193509
70213000
7024272
70252971
70263530
70264949
70316859
70325483
7033586
70359083
70425842
7042621
70516946
7052125
70524317
7053121
70553191
70592670
70594768
70622784
70634232
70635922
70644658
70670342
70691011
70758817
70801181
70814993
70821375
70834946
70848626
70849082
7086604
70913315
70932262
70954388
7095547
70978143
70997087
71011088
71014724
71033575
71049848
71050520
71074410
71114237
71221885
71292832
7132458
71351997
71353679
71405169
71417499
71418587
71424783
71427988
714436
71475886
71482388
71503059
71521179
71521964
71547963
71565212
71574878
71622156
71627776
71692102
71703791
71723156
71754230
7180311
71845630
7184902
71852793
71868683
71874592
71879622
71884778
71900135
71902343
71909478
71909952
71944321
71973218
72027195
72053449
7207535
7208727
72096224
72110576
72126738
72129873
72132904
72141819
72201270
72218417
7221880
72221117
72226058
72241151
72254771
72288155
72290716
72319024
72321784
7234058
72371316
72399188
72399952
72430524
72432670
7244378
7245775
72477404
72538274
72541617
72558668
72585049
72593085
72604144
72631131
72663248
72680549
72680865
72694748
72745611
727741
72786423
72796712
72800024
72818459
72847107
72871079
72890128
72901055
72908588
72964744
72984522
73035552
7303876
73043269
73046692
73073807
73096009
73101772
73151298
73184894
73210849
73224036
7324104
73246206
73279322
73306509
73322612
73335885
73354609
73371996
73391326
73397009
73398387
73400697
73403379
73410133
73431784
73440895
73477442
73490634
73581692
73582420
73585779
73589771
73600212
73642680
73652020
73663237
73665542
73697544
73734424
73768235
73802806
73807036
73808332
73810923
73866164
73871147
73893790
73930918
73939315
73962735
73979889
73993045
74049558
74064386
74067757
74079788
74105629
74120406
74147470
74184038
74222889
74286130
74298538
7429951
74302379
74316021
74331370
74331499
74347218
74348291
74352767
74361690
74363695
74371177
74372310
74397580
74431907
74453381
74483718
74514521
74526677
74545258
74575040
74626574
74662156
74714955
74715612
74716828
74736465
74796845
7480374
74807781
74810998
7481166
74814507
74842264
74876305
74878721
74898208
74902164
74904489
7496438
74974891
74995565
74998624
74999721
75046438
7504702
75047775
75049381
75050024
75067351
75093401
75096760
7515252
75172794
75186166
75220365
75223349
75233164
75252619
75255628
75261392
75282489
75284010
75286532
75319999
75337089
75342598
75343691
75363487
7536551
75369689
75372558
75423833
7542604
75428887
75450095
75455055
75457327
75507750
75516568
75518696
75540881
75563496
75587228
75616642
7561888
75621553
75622127
75625527
75638265
75642568
75654896
75657597
75661254
75675826
75683235
75710856
75725085
7573968
75746359
75778303
75779121
75796234
75805412
75820420
75841637
75843149
7586337
7586714
75905794
75925029
75935042
7594876
75977097
75979483
75980971
75998106
76007815
76019187
76026303
76032633
76070648
76111551
76113824
76137686
76141087
7617662
76217213
76226816
76238982
7624165
76270192
7628841
76292221
76304654
76324471
7632767
76331682
763388
7636017
76363538
76388317
76398143
76408201
76415594
7641762
76445228
76482890
76496080
76511412
76526070
76527500
76575694
76593973
76611021
76635356
76647739
76653546
76678856
76682245
76690428
76702971
76719657
76726061
7672790
76758006
7681176
76825586
76827597
76836774
76852560
76878757
76880109
76891615
7689406
76903618
76928119
76932674
76981572
77007673
77009665
77057319
77070922
77127108
7712851
77133587
77150025
77164273
77168788
77171940
77174243
77174877
77186978
77188163
77188882
77237545
77266666
77267554
77271487
77273428
77279977
77291741
77331862
77386887
77395253
77406344
77409970
77440545
77463833
7748617
77500968
77512531
77518462
77536686
7756331
77570268
77575685
77586494
77602069
77626918
7764839
77660991
77698801
7771201
77720287
77770427
77772603
77772946
77773694
77795235
77815385
77824931
77844177
77844294
77851104
77872268
77904750
77916224
77931850
77937791
77945779
77947931
77956216
77983743
77994269
78010021
78022510
78085139
78106449
78108297
78184470
78196907
78201878
78206742
78214206
78286959
78339196
78342917
78354931
78355771
78370837
78378069
78418902
78434892
78440673
78457892
78492357
78502538
78549347
78562496
78565376
78591287
78597607
7865217
78661355
78681209
78711547
78725968
78743320
78758963
78759683
78760962
78816326
7882809
78837792
78844768
78866260
78872452
78874699
78879142
78883866
78939609
78950924
78979810
79011638
79057134
79088148
79098523
79118123
79125793
79131785
79141083
7915607
79158408
79158517
7915976
79178690
79180883
79181925
79228222
79259485
79284681
79300036
79304407
79312584
79313594
79354951
79356401
79359798
79374561
79379246
79391316
79420269
79446702
79450447
79464606
79482187
79489420
79494799
79507513
79528299
79531395
79538209
79560540
79610244
79627474
79637943
79646981
79649625
79676859
79700516
7972654
79783885
79797675
79811081
79833405
79853811
79932076
79932517
79947893
79948656
79955836
79959746
79963621
79965544
79988611
79990119
79999704
8002580
80052635
80083774
80095408
80098552
80102267
80158330
80172192
80183306
80192928
80195267
80203203
80210789
80224815
80226750
80299526
80303184
80322851
80342020
80360766
80362080
80368208
80419910
80425055
80448496
8047434
80476048
80481818
80493963
80521427
80549074
80555246
80609214
80619541
80665725
80674391
80681192
80700044
80764581
80765083
80766298
80766345
80788348
80800555
80825375
80830384
8085372
80909094
80920127
80938449
80954666
80974199
80979758
80985399
8101537
81017509
81019011
81022949
81057533
81069144
81072390
81085245
81088164
81099012
81131009
81146720
8117173
81179054
81200289
81220899
81248764
8125864
81266277
81280163
81281027
81282468
81316043
8134728
81379477
81393903
81394100
81402836
81425810
81441785
8145607
81457490
81466888
81506641
81507527
81595330
81597918
81600924
81605116
81627647
81643355
81670839
81679871
81729541
81730836
81767390
81770122
81809976
81816581
81818729
81825524
8182559
81847732
8185291
81861460
81869580
81889352
81889634
81891705
81905823
81911069
81914036
81923943
81925609
81932406
82008025
8201938
82028265
82040962
82059993
82063725
82081094
82123126
82134194
82139180
82139961
82166402
82166618
82213465
82220638
8224322
82281606
82300529
82314867
82340267
82344821
82356407
82374867
8238244
82384395
82397935
82416280
82445485
82445668
82457636
82480300
82491058
82509396
82519702
82557787
82558235
82606904
82616225
82649962
82691222
82707230
82723500
82736741
82772980
82776965
827887
82794641
82842645
82933551
82964601
82972525
8298670
83008254
83011048
83022790
83024632
83034475
83048086
83050736
83067461
83097520
83107837
83109261
83122569
83149607
83165156
83188075
83188183
83240825
83257635
83307879
83314751
83369269
83375707
83418685
83440378
83447753
83453434
83515653
83519073
8352064
83550661
83562365
83588294
83592906
83610838
83630558
83649714
83688448
83692313
83721598
83724689
83731411
83752376
83752862
83792238
83798233
83825455
83856608
83865150
83869915
83916866
83925613
83946956
83978450
84004760
84029956
84030520
84033147
84057000
84060995
84121012
84121481
84130800
84136760
84143574
84159666
84161452
84181082
84182213
84194630
8420366
84246079
84265372
84268715
84281898
84303120
84315293
84318635
84325743
84330190
8433196
84416569
84423114
84442838
84471367
84490542
84507914
84518205
84545294
84567037
8457833
84578959
84603630
84610926
84622986
84635423
84657248
84658141
84663981
84720137
84723940
84754038
84772398
84787834
84796716
84807560
84849936
84855366
84865784
84866377
84870389
84874775
84887509
84897286
84903240
84914109
84916145
84921430
84938185
84949541
8497196
84977917
84978463
84995960
85005297
85008088
85009942
85010629
8505771
85061335
85064494
85081518
85103808
8513906
85150711
85189463
8519861
85200758
85215461
85238131
8528426
85303429
85306804
8533511
85347862
8534787
85393931
85397458
85399760
85438402
85439529
85442520
85459718
85466505
85480516
85509773
85528677
85531128
85603408
8560475
85607277
85613151
85620578
85659732
85708010
85750035
8578571
85794402
85802412
85825040
85835914
85851854
8586606
85872063
85885200
85887367
85904670
8590898
85921770
85927866
85939451
85984554
8600741
86019043
86028463
86062833
86084182
86084915
86099054
86120522
86137041
86159760
86168756
8617236
86213020
86222128
86235016
86260825
86262972
8627192
862762
86332526
86338436
86357055
86361615
86439298
86440055
86444711
86472793
86477954
86494879
8649821
86506715
8652394
86531143
86562641
86571730
86649935
86657962
86683024
86691676
86708180
86767135
86785238
86800864
86803720
86815200
86815976
86823250
86824003
86848353
8688377
86888399
86939145
86940514
86966798
86998059
87010792
87022144
87035592
87041955
87046101
87072484
87077088
87086838
87092470
87095872
87102928
87118029
87129766
87138175
8715742
87164947
87184885
87185551
87193997
87198680
87208776
87238875
87243284
87266356
87280995
87327132
87335384
87352311
8735914
87360694
87365917
87381913
87391672
87417889
87424544
87437693
87477260
87514346
87523903
87525006
87531382
87541559
87545783
87570558
87577909
87587784
87603366
87610834
87651523
87660181
87665386
87697209
87703660
87704616
87737705
87761156
87789268
87789418
87800243
87827633
87837187
87841401
87841419
87848575
87871034
87907843
87927070
87954215
87974869
87977555
8799621
8799632
88019007
88023905
88029056
88033545
88073216
88090539
8814016
88158589
88159061
88160190
88212467
88219036
88247783
88275868
88280179
8829245
88293140
88311746
88329712
88338889
88349063
88352869
88364497
88367979
88390946
88415037
88427899
88428484
88444290
88455549
88457153
88485394
88518996
88524213
88590966
88634858
88666338
8871723
88728538
88746411
88750710
88769948
8877852
887790
88786083
88801438
88812618
88819493
88832376
88844466
88854699
88867270
88884468
88891505
88924979
88934036
88938140
889447
88952815
88958948
88960290
88976733
88992256
89012799
89014851
89020526
89038054
89039520
89070731
89075827
89088695
89089322
89096559
89114830
89124148
89132828
89148196
89192174
89207422
89238880
89240261
89251509
89293184
89328468
89349605
8937199
89409708
89441217
89469668
89486585
8953862
89547130
8954920
89551479
89557800
89590677
89593018
89664325
89672553
89688649
89712911
89713862
89716585
89737103
89748547
89775040
89787180
89893749
89901780
89946184
89959843
899917
8999340
90020105
90038873
90092603
90128684
90131023
90147937
90167740
90199353
90202642
90231734
90237499
90247308
90304421
90323783
90346508
90347327
90348171
90381704
90430460
90444446
90444583
90447510
90452273
9046446
90466370
90472105
90475625
90496289
90510613
9052910
90541581
90545493
90556811
90575039
90576655
90599777
90613188
9062691
90629587
90663249
90665037
90669524
90690840
90698625
90701767
90701993
90712148
9072058
90780646
90800215
90826450
90875104
90893643
90905205
90915935
90929644
90952992
90985874
90999289
91013601
91018943
9102678
9103150
91070282
91085705
9108679
91123303
91188158
91201206
91203406
91274744
91277919
91301957
91305645
91325493
9134120
91431400
91445869
91453096
9147813
9150367
91507079
9151219
91521839
91565680
91574284
91587285
9159450
91601270
91631350
91686606
91696860
91726631
91762007
9177930
91786442
9179495
91815999
918491
91854703
91857261
9189550
91915419
91937775
91948408
91954318
91965254
9197567
91994548
92030144
92030870
92031910
92055730
92070798
92087912
92090901
92158033
92186213
9219100
92197041
92241137
92242221
92267382
92272943
92296468
92321448
92324285
92337772
92347912
92357112
92376157
92450088
92450343
92454688
92475277
92482159
92490657
92508422
92547662
92567668
92581877
92593732
92604940
92610321
92617909
92640728
92661552
92678025
92697301
92705077
92735185
92737892
92768276
92787816
92791394
92812110
92823395
92836485
92836903
92889770
92916251
9292526
92925817
92928399
92934405
92941184
92963263
93001329
93038295
9305519
93065777
93089360
93093993
93097568
93133003
93147187
93173492
93196278
93201344
9324068
93279731
93341831
93344993
93354198
93360108
93366846
93369415
93373435
93419391
93439320
93461093
93469407
93487501
93492439
93509998
93518007
93526413
93560675
93568758
9360055
93612776
93618775
93620586
93683239
93720810
93753046
93755302
93778234
93780010
93790349
93799172
93810980
93818330
93866289
93872399
93901331
93906664
93907804
93912776
93940409
93942870
93960110
93962112
9398241
93984848
93997944
94059609
94061643
94075439
94092766
94138807
9415076
94165688
94189259
94197930
94205762
94214607
94216619
94246988
94265549
94270047
9428880
94299369
94303747
94305869
94308228
94322699
94330261
94331852
94334578
94338434
94355229
94365324
94401138
94459008
94468234
94507363
94534855
94541166
94541849
94550906
94570220
94575581
94607310
94645419
9468171
94700111
94706999
94718525
94747028
94761623
94773500
94786767
94802601
94812919
94823359
94878227
94907741
9491071
94914822
9492291
94946024
94970150
95031093
95035657
95045382
9504902
95071393
95074675
9511214
95115021
95166178
95206227
95220503
95286075
95286416
95309425
95344378
95370628
95406644
9546762
95478530
95481097
95484196
95491672
95516391
95518473
95572472
95583990
95587431
95592395
95628733
95631753
95632253
95669486
95685389
95686802
9569975
95721302
95734798
95741899
95755567
95758460
95780822
95801940
95806650
95856865
95876336
95892033
9593449
95951213
95952033
95953773
9596553
95975929
96030577
96034032
96034775
96045946
96053102
96067459
96073226
96076886
96079724
96127979
96137797
96167978
96281536
96328118
96361524
96379515
96392680
96414065
96436614
96452039
96461307
96472568
96483592
96509347
96528881
96559504
96564398
96571161
96587090
96606347
9660723
96637333
96662064
96664311
96676990
96699361
96749325
96759434
96776260
96781402
96829359
96843111
9689739
9689966
96913197
96914734
9692340
96970738
96989263
9699103
97002904
97014257
97023228
97024014
97025330
97092562
97107939
97109480
97111533
97117709
97130363
97133113
97146222
9714651
97207947
97227049
97233253
9724215
97285947
97348091
97387580
97388869
97411148
97412465
97415890
97425674
97453841
97480075
97485116
97490836
97531373
97534956
97535976
97561535
97568549
97573063
97596453
976352
97655171
97667014
97671920
97675145
97710450
9773686
97742432
97759908
97766192
97777499
97777957
97814859
97815344
97849119
97852963
97863579
97891290
97921820
97944133
9796357
97964188
97968367
97985943
98024815
98038238
98049626
98066242
98072538
98098001
98113094
98202947
98205146
98215294
98216382
98226365
9822688
98242012
98255571
98272670
98274297
98274750
98356047
98359696
98391099
98466257
98469852
98495410
98504158
98513647
98533070
98555254
98599529
98602810
98603887
98605229
98615633
98650698
98698002
98712027
98716620
98751926
9875647
98770423
98772524
98847329
98852689
98890120
98903500
98959999
98974986
99003974
99068522
99092543
99161757
99179846
99197957
99198533
99204498
99213021
99217086
99228262
99255402
99277945
9928699
99344853
99370199
99426839
99440060
99440105
99465250
99492502
99504679
99543630
99547947
99579822
99633514
99637784
99640531
99643182
99685072
99708783
99709430
99721457
99726823
99757195
99776685
99776895
99777421
99809075
99811329
99853771
99872537
99885682
99906871
99911488
99919190
99922807
99939315
99940379
99981203